a = [[965 990 989],
     [914 933 933],
     [892 897 898],
     [796 853 853],
     [738 814 816],
     [693 787 789],
     [646 731 733],
     [597 719 724],
     [565 586 575],
     [530 544 537],
     [498 507 507],
     [460 479 478],
     [439 449 448],
     [414 423 423],
     [387 400 401],
     [365 376 380],
     [345 354 354],
     [327 330 335],
     [307 313 316],
     [296 302 296],
     [282 280 283],
     [267 269 272],
     [253 254 257],
     [242 245 245],
     [226 231 234],
     [220 221 223],
     [209 210 211],
     [202 202 205],
     [188 195 196],
     [184 187 187],
     [178 179 179],
     [168 171 171],
     [162 165 165],
     [156 159 159],
     [151 154 153],
     [147 146 146],
     [141 143 143],
     [136 138 138],
     [145 134 133]];
b = [[968 964 964],
     [906 904 898],
     [830 830 814],
     [753 754 740],
     [690 693 669],
     [622 619 606],
     [567 554 552],
     [511 514 505],
     [473 472 454],
     [428 429 415],
     [394 397 378],
     [363 363 347],
     [334 335 321],
     [309 309 297],
     [285 287 272],
     [270 271 253],
     [240 247 234],
     [234 234 220],
     [216 217 210],
     [202 203 200],
     [189 192 192],
     [181 180 179],
     [168 170 169],
     [159 160 159],
     [149 150 150],
     [144 143 141],
     [136 143 136],
     [128 129 128],
     [121 122 122],
     [115 117 116],
     [109 110 111],
     [104 104 105],
     [100 100 101],
     [95 96 95],
     [91 91 88],
     [87 88 88],
     [85 84 84],
     [81 81 80],
     [74 73 77]];
c = [[950 949 953]
     [868 871 873],
     [794 801 807],
     [739 737 737],
     [676 676 677],
     [619 620 619],
     [572 574 569],
     [525 526 527],
     [487 488 482],
     [450 451 449],
     [417 416 418],
     [389 388 386],
     [362 360 362],
     [340 339 335],
     [314 315 316],
     [295 293 297],
     [278 279 278],
     [263 262 264],
     [246 247 245],
     [234 233 233],
     [221 222 218],
     [209 208 208],
     [197 198 198],
     [188 189 188],
     [178 179 175],
     [170 171 170],
     [163 162 162],
     [155 157 155],
     [148 147 148],
     [141 142 141],
     [135 137 136],
     [129 128 131],
     [124 125 125],
     [119 120 121],
     [115 114 116],
     [111 112 113],
     [107 108 109],
	 [104 105 105],
	 [103 103 103]];