% Calibration data for third sensor
% 39 (measurement points) x 3 (measurements)
a = [[965 990 989],
     [914 933 933],
     [892 897 898],
     [796 853 853],
     [738 814 816],
     [693 787 789],
     [646 731 733],
     [597 719 724],
     [565 586 575],
     [530 544 537],
     [498 507 507],
     [460 479 478],
     [439 449 448],
     [414 423 423],
     [387 400 401],
     [365 376 380],
     [345 354 354],
     [327 330 335],
     [307 313 316],
     [296 302 296],
     [282 280 283],
     [267 269 272],
     [253 254 257],
     [242 245 245],
     [226 231 234],
     [220 221 223],
     [209 210 211],
     [202 202 205],
     [188 195 196],
     [184 187 187],
     [178 179 179],
     [168 171 171],
     [162 165 165],
     [156 159 159],
     [151 154 153],
     [147 146 146],
     [141 143 143],
     [136 138 138],
     [145 134 133]];
% Calibration data for second sensor
% 39 (measurement points) x 3 (measurements)
b = [[968 964 964],
     [906 904 898],
     [830 830 814],
     [753 754 740],
     [690 693 669],
     [622 619 606],
     [567 554 552],
     [511 514 505],
     [473 472 454],
     [428 429 415],
     [394 397 378],
     [363 363 347],
     [334 335 321],
     [309 309 297],
     [285 287 272],
     [270 271 253],
     [240 247 234],
     [234 234 220],
     [216 217 210],
     [202 203 200],
     [189 192 192],
     [181 180 179],
     [168 170 169],
     [159 160 159],
     [149 150 150],
     [144 143 141],
     [136 143 136],
     [128 129 128],
     [121 122 122],
     [115 117 116],
     [109 110 111],
     [104 104 105],
     [100 100 101],
     [95 96 95],
     [91 91 88],
     [87 88 88],
     [85 84 84],
     [81 81 80],
     [74 73 77]];
% Calibration data for first sensor
% 39 (measurement points) x 3 (measurements)
c = [[950 949 953]
     [868 871 873],
     [794 801 807],
     [739 737 737],
     [676 676 677],
     [619 620 619],
     [572 574 569],
     [525 526 527],
     [487 488 482],
     [450 451 449],
     [417 416 418],
     [389 388 386],
     [362 360 362],
     [340 339 335],
     [314 315 316],
     [295 293 297],
     [278 279 278],
     [263 262 264],
     [246 247 245],
     [234 233 233],
     [221 222 218],
     [209 208 208],
     [197 198 198],
     [188 189 188],
     [178 179 175],
     [170 171 170],
     [163 162 162],
     [155 157 155],
     [148 147 148],
     [141 142 141],
     [135 137 136],
     [129 128 131],
     [124 125 125],
     [119 120 121],
     [115 114 116],
     [111 112 113],
     [107 108 109],
  	 [104 105 105],
	   [103 103 103]];
% Measurements of distance in each part of the table
% 41 (width points) x 41 (height points) x 2 (x and y distance)
d = zeros(41, 41, 2);
d(1, :, :) = [[0, 0],
              [0, 0],
              [0, 10],
              [0, 12],
              [0, 14],
              [0, 17],
              [0, 19],
              [22, 0],
              [25, 0],
              [28, 0],
              [30, 0],
              [34, 0],
              [37, 0],
              [40, 0],
              [40, 0],
              [46, 2],
              [48, 3],
              [52, 5],
              [54, 5],
              [57, 6],
              [61, 7],
              [64, 8],
              [68, 11],
              [70, 10],
              [74, 12],
              [77, 13],
              [75, 32],
              [77, 33],
              [81, 32],
              [86, 30],
              [90, 29],
              [94, 27],
              [98, 25],
              [99, 22],
              [99, 20],
              [99, 18],
              [99, 15],
              [99, 13],
              [99, 11],
              [99, 1],
              [99, 1]];
d(2, :, :) = [[0, 1],
              [0, 8],
              [0, 9],
              [0, 11],
              [0, 13],
              [0, 15],
              [0, 18],
              [21, 0],
              [24, 0],
              [27, 0],
              [30, 0],
              [33, 0],
              [36, 1],
              [37, 0],
              [40, 2],
              [44, 3],
              [47, 3],
              [51, 5],
              [54, 6],
              [57, 6],
              [60, 8],
              [63, 9],
              [66, 10],
              [70, 11],
              [73, 13],
              [75, 13],
              [79, 15],
              [78, 30],
              [82, 29],
              [85, 29],
              [89, 27],
              [94, 26],
              [96, 24],
              [99, 22],
              [99, 19],
              [99, 17],
              [99, 15],
              [99, 12],
              [99, 11],
              [99, 9],
              [100, 9]];
d(3, :, :) = [[0, 9],
              [0, 9],
              [0, 10],
              [0, 11],
              [0, 13],
              [0, 16],
              [0, 18],
              [20, 0],
              [23, 0],
              [25, 1],
              [25, 1],
              [27, 1],
              [35, 3],
              [35, 11],
              [39, 4],
              [42, 6],
              [45, 6],
              [49, 8],
              [52, 9],
              [55, 10],
              [59, 11],
              [62, 12],
              [64, 12],
              [68, 14],
              [71, 14],
              [74, 15],
              [78, 18],
              [78, 28],
              [82, 27],
              [85, 28],
              [89, 26],
              [81, 20],
              [95, 23],
              [99, 21],
              [99, 19],
              [99, 17],
              [99, 15],
              [99, 13],
              [99, 11],
              [99, 10],
              [99, 11]];
d(4, :, :) = [[0, 12],
              [0, 11],
              [0, 11],
              [0, 12],
              [0, 14],
              [0, 16],
              [0, 18],
              [20, 1],
              [20, 1],
              [24, 3],
              [26, 3],
              [31, 5],
              [33, 5],
              [37, 6],
              [40, 8],
              [43, 8],
              [46, 9],
              [47, 9],
              [51, 10],
              [55, 11],
              [58, 12],
              [61, 13],
              [64, 14],
              [67, 15],
              [70, 15],
              [73, 17],
              [76, 19],
              [77, 26],
              [80, 28],
              [84, 27],
              [88, 25],
              [90, 25],
              [95, 24],
              [98, 22],
              [99, 20],
              [99, 17],
              [99, 16],
              [99, 14],
              [99, 13],
              [99, 12],
              [99, 13]];
d(5, :, :) = [[0, 14],
              [0, 13],
              [0, 13],
              [0, 14],
              [0, 15],
              [0, 17],
              [0, 19],
              [2, 21],
              [22, 5],
              [24, 6],
              [26, 6],
              [31, 7],
              [32, 7],
              [36, 9],
              [39, 10],
              [40, 9],
              [45, 10],
              [48, 11],
              [51, 12],
              [54, 13],
              [57, 14],
              [60, 14],
              [63, 15],
              [66, 17],
              [69, 17],
              [71, 19],
              [75, 20],
              [76, 28],
              [80, 25],
              [83, 26],
              [87, 24],
              [90, 25],
              [94, 24],
              [97, 22],
              [99, 20],
              [99, 19],
              [99, 17],
              [99, 16],
              [99, 15],
              [99, 14],
              [99, 15]];
